0 8 62.62896819534442
0 9 5.683897515781643
0 15 1.4921333211581256
0 16 12.904252281391644
1 14 23.76870627188999
2 7 15.38177997839985
2 8 13.620102709638738
2 9 25.676985607149614
2 10 12.86946600287714
2 25 9.714482238729008
3 6 143.29600468738107
3 15 17.421440490979602
3 17 16.98320713674309
3 22 78.68426655834052
4 12 2.9559432020569782
4 16 50.2350160775977
4 19 41.69216339311031
4 20 7.319815814498259
4 25 9.979226468934746
5 6 64.36258217901998
6 8 29.51278692015241
6 13 29.226863708646345
6 28 24.666134371767857
6 29 31.401685385333817
7 11 5.932366698881181
7 13 0.42428816649072265
7 18 8.757103647026723
7 19 10.274606662228665
7 20 19.580978045882066
7 21 19.47867849162459
7 29 21.96529856226677
8 9 39.08560004096599
8 10 36.8564262693426
8 11 10.915757303335392
8 13 31.050258820034294
8 20 6.592570114772375
8 22 43.788086771685656
8 23 1.8462102063000583
8 25 13.716057718783372
8 26 65.9753702421129
8 29 11.25897086603124
9 10 2.165430987019076
9 11 1.5360298633824396
9 15 10.354995108510911
9 17 5.960652451241722
9 20 3.763314954593685
10 12 13.564615617217774
10 13 59.64802602059933
10 14 56.13508542945227
10 15 28.0894080890345
10 17 0.7335701231337984
10 24 33.32589829769943
11 13 2.8668254241731965
11 28 13.53340034555681
12 27 40.5212966394736
13 15 13.743893338143865
13 16 2.7726156596527898
13 17 1.2897077939244475
14 15 9.542030109886518
14 22 11.498724099792906
14 23 3.989289593505014
14 24 17.00016358469845
14 26 36.109269067416875
15 23 79.40504990857865
16 23 25.455113053490756
16 24 8.133765056083325
16 25 18.378645740084295
16 26 15.648954376999686
17 26 11.772767791618564
19 21 26.75998970621692
19 24 18.0202966695183
21 24 19.148963737327716
22 27 9.607565460545276
22 28 64.72220147179772
24 28 15.58384678629532
25 28 4.156296633869726
28 29 27.470641927319853
