0 10 4.5092574569985
0 12 4.642108171263379
0 13 1.2423982669446518
0 17 45.25960522717595
0 19 11.167887355025313
0 25 31.751076014343575
0 26 16.569085205789513
1 28 9.015981523507396
2 3 44.926334603974176
2 23 43.771019028300095
2 28 0.20293880828181807
2 29 7.2529124924392
3 8 50.19881815176033
3 9 24.53894828651343
3 14 15.422386560669231
3 17 10.535499551984705
3 20 9.132666059490793
3 23 7.45946433010134
3 24 12.720419905781053
4 10 2.5025312862571596
4 13 5.102607790877553
4 21 10.080432499533337
4 28 3.1315327743804335
5 7 6.599634211676556
5 9 8.663123431462058
5 24 20.795402284994758
6 8 41.58294036101511
7 12 4.627435227867825
7 16 17.988672496861355
7 18 9.742884390941136
7 24 13.304896486350563
7 25 2.0038397557072782
8 13 24.51719773585962
8 14 1.960618338855499
8 17 9.171239157506632
8 19 3.7358104142024895
8 20 7.631267709018553
8 21 36.73283933794354
8 23 46.486347836080405
9 12 0.035516188400218245
9 13 1.472387832270854
10 15 32.87420291512307
10 22 22.666602171955077
11 13 13.636458636130211
11 15 1.8095852693102403
11 16 2.006543027385968
11 26 2.8299606486695112
12 13 33.58192274742488
12 26 27.552353362481284
13 15 1.7049026044489064
13 18 3.0845944448631277
14 17 10.158440797889682
14 23 1.4147893038864459
14 26 0.993718239066326
14 28 12.00089106189232
15 16 10.38448937370982
15 21 4.470475700466826
15 23 12.962050683263435
15 24 21.82419327999783
15 25 10.41066024132725
16 23 38.12612537773319
17 19 0.062193200077800874
17 25 24.142278070614204
17 27 4.376240832471128
18 19 4.8735187982479795
18 22 123.13429525482994
18 26 19.923657018395424
18 29 14.622786981248675
21 22 5.023060885918157
21 23 110.20038528315936
21 29 13.161901859334277
22 23 11.501863672430865
22 28 12.75539683823863
24 26 12.296197261776468
25 28 9.632208964378774
25 29 27.61743189341116
26 27 1.2485638333989282
26 28 1.3207466422327006
