0 4 29.96594616468525
0 7 21.38337101378543
0 9 0.787701574595172
0 10 45.629781133873465
0 17 70.64409926170718
0 18 3.4235641510192774
0 22 12.0388501762654
0 27 26.58832994501043
0 29 0.9260462885007654
1 8 0.5093781838031708
1 17 9.632459597970698
1 22 1.8531543859326134
2 6 68.23294856913891
2 7 2.801349464139938
2 16 3.449215827274845
2 20 0.1095537056075911
2 24 66.29682729714096
3 4 2.997221013255417
3 8 3.6865749090714934
3 16 54.51416527956494
3 27 46.203492243310215
4 21 9.52020702486268
4 22 15.71053853170625
5 13 2.072411428270863
5 22 16.000003936771204
5 23 0.3901946054610648
5 27 13.404812608881672
6 8 94.72717992412377
6 14 6.875191768911768
6 15 41.03633209387753
6 16 0.10636737477843002
6 22 9.36931654212829
6 27 4.796370460285057
7 8 11.785813403910712
7 9 3.7414527687910537
7 11 0.4790045595389094
7 20 5.435825637575737
7 29 6.876296094223512
8 10 19.750909717276386
8 15 26.131273793211143
8 16 9.330073010537893
8 17 9.402839163416438
8 22 11.145797851963053
8 23 18.247221422307256
8 29 30.316246426500424
9 13 43.68335333794707
9 28 5.1435554308437945
10 21 19.79961821990775
10 22 10.201501403537042
10 29 2.5481395090391534
11 14 37.699792343332625
11 18 9.796735085133172
11 21 5.716806210074549
11 29 2.6151815063871595
12 13 1.1131662179040673
13 14 7.128013730359453
13 16 0.7982315288071115
13 18 17.68308325932502
13 20 5.438008457099661
14 18 6.747789944384741
14 21 23.996227802221313
14 23 5.1194369405239
14 28 2.618703935524189
15 16 12.277135237087343
15 21 6.927754344154075
15 22 86.35064995085752
16 18 4.6434616954720305
16 20 14.822870963934234
16 27 5.217123096156624
17 18 34.04274392293621
17 28 7.56333945795469
18 21 43.99698512930863
19 26 16.156422818481122
20 22 0.05492580694565943
21 23 0.9997663507603264
21 26 29.767109461928264
21 28 7.545299879831834
22 23 12.303290121069807
22 25 80.95919638732931
22 26 14.514573826337015
25 28 0.6738495118742853
