0 1 42.25243590529756
0 9 7.348617612238621
0 10 96.64088086536255
0 11 73.68651172275153
0 22 1.8056409237209492
1 9 43.78880248616641
2 13 31.278786442864853
2 25 0.654686413470958
3 13 4.138775303629727
3 14 51.32345079147751
3 18 5.595591058035368
3 24 25.995655067403145
3 28 26.426058501229043
4 13 7.610662383113132
4 14 18.913014767906134
4 23 2.9620011474439023
4 25 17.255437737893118
5 8 10.01051648861343
5 13 1.9781420641995715
5 17 1.751476469744633
6 8 13.628640681584743
6 22 14.14137437232036
7 9 1.0204100334972959
7 14 5.096294662448141
7 19 9.274514017885068
7 27 9.716748091351437
8 11 1.0792024425096531
8 12 26.402582749626212
8 16 36.27371106960174
8 22 28.295424658643423
8 23 9.857882036811004
8 24 1.8594562718980947
9 14 38.20584634274426
10 17 57.51974843260799
10 23 2.211697920953221
10 24 61.98370817455846
10 25 36.17345211847769
10 27 4.023115220475552
11 16 0.838442731927561
11 24 82.00018420166028
11 26 40.27814254948079
12 14 2.2917475995333905
13 15 32.105086901763805
13 16 8.882846281217326
13 19 19.75469310594548
13 22 1.0023077561845204
13 24 12.729095222528423
13 27 44.882582196785584
14 18 42.476863950023784
14 19 12.960271221280054
14 23 3.7255422997373677
14 24 25.551817550878866
14 28 25.9922587439917
15 16 9.747027824506713
15 19 12.820609166270104
15 24 24.426483717049287
15 26 16.489452990912472
16 22 13.2165833305263
16 28 15.584852928288004
16 29 4.504018239853947
17 23 33.92679513717578
17 24 3.0179198972604184
18 20 9.474348240036992
19 25 70.42443302695042
22 27 28.278686399105258
22 28 4.896794673533564
23 24 34.77245686814998
23 28 34.378346515238604
23 29 16.374924992784017
25 29 25.128068098850385
