0 1 37.81519005605396
0 19 12.969487346280753
0 23 2.7328708566878213
0 26 2.282487776298509
0 27 17.978312473428122
1 2 14.993421388669574
1 13 2.929262894600364
1 21 8.04431228286901
2 10 13.1950857400439
3 7 11.76961511977042
3 19 1.4241956862315415
3 24 3.87570742086568
4 21 2.8381596376512976
4 28 17.024196076458587
4 29 13.562091967876247
5 16 5.048409817386398
5 23 32.62421814170243
5 25 1.207890811719568
5 28 4.161526910910051
6 7 0.32892101774746985
6 8 37.750517563418796
6 16 1.0796835962564277
6 21 42.243208189862116
6 22 49.2206075760355
6 28 7.8746142251553035
6 29 10.851115838348178
7 11 30.121672946776386
7 14 5.964435953678408
7 15 2.08463236524
7 18 0.8161110704566154
7 21 14.395709889621077
7 22 9.122034823673463
7 23 0.4287136125464668
7 24 0.7570686002324979
7 27 5.329971574124909
8 11 4.036291800376246
8 15 10.782113350716003
8 21 12.196825289907736
8 22 28.458799238082726
8 26 16.569178109933898
8 28 9.911861827398887
10 21 49.32605913707827
10 23 6.5499548130289975
10 26 16.898808981467145
10 27 3.3537576505352957
11 14 7.980968140774384
11 15 41.72772591531271
11 19 11.038102599552689
12 14 6.339214875632649
12 15 10.898413041390874
12 18 5.633549260703261
12 29 0.14358030708401853
13 15 2.7774658627308737
13 16 18.761772525480236
13 23 2.1903332491269794
14 17 43.92735137920542
14 20 2.240045562504459
15 17 65.82781097924455
15 29 8.377422703154831
16 20 3.1826455162684453
16 23 5.76472433875482
16 27 23.252599359297477
16 28 18.70885852990404
17 25 1.6151219690750462
18 21 50.60636222284872
19 27 0.7789442761664749
20 22 5.939451893102356
20 25 28.17972796203812
21 22 29.31273685029061
23 24 14.27814197199191
24 26 16.96229530105064
