0 5 0.707531325528766
0 7 8.443511885241879
0 14 13.402620574236018
0 25 39.61837488029645
0 28 11.71008844607987
1 13 18.183672320719925
2 7 10.276222515119128
2 16 12.757483408903132
2 19 4.664417964090328
2 27 42.59844232392838
3 8 92.80787966760933
3 13 14.49617881968516
3 15 8.318628499363891
3 20 5.235629430806158
3 26 3.8020895044311036
3 27 1.7765173401844967
3 28 2.5942835860322155
4 7 6.0692418666795165
4 8 11.220599849830494
4 20 4.837026086917681
4 21 25.36811891975413
4 23 4.175686475463492
4 24 10.722420029538812
5 8 19.908769031265805
5 9 11.88876537647279
5 22 0.4197962127586183
5 24 7.675757022549987
7 10 8.19129037592915
7 12 12.433094840164737
7 14 10.385813107889588
7 17 11.759260152880255
7 19 2.9459369250576692
7 21 16.351670662224535
7 22 12.89849951876808
8 22 14.328892091235161
8 23 107.73421933590687
8 24 24.304113780389013
8 28 7.883880935460559
9 12 39.94404296942012
9 14 9.871364298744771
9 16 3.9855067112107263
9 23 45.96442624456797
10 11 5.8237922305329946
10 13 3.7501495187194434
10 15 37.469053372474036
10 17 2.547282525409936
10 21 23.743283103662304
10 23 35.3890629247345
10 25 5.1115375313336875
11 12 34.349114570012624
11 21 14.241828635701975
11 25 31.789587148710424
11 27 23.635314150923175
12 13 9.04754366977904
13 14 7.819726425700666
13 16 0.7393214948702469
13 23 21.134628014463228
14 21 4.21564332604881
14 23 19.920712392311152
14 24 6.0119367228546645
14 26 15.933497319725648
14 27 14.274696772685767
15 22 31.78829137053062
15 23 7.947336061015506
16 19 17.325120340413886
16 24 20.081821469499715
19 23 40.38811330420355
19 24 4.376535242876951
20 22 9.507429483894056
20 23 13.33087841972605
20 24 37.59774234173159
21 23 53.72750414958587
22 24 26.317894377781773
22 25 5.11596802119396
22 26 13.350282239602876
23 27 19.537261945168854
24 25 18.869088129800435
