0 8 4.312180665212701
0 17 13.147556301483574
0 22 4.889966646883991
2 5 23.87281166373079
2 22 4.749350446743637
2 23 54.020904518571754
2 25 15.416525651233142
2 26 17.794163556147392
2 27 7.942448776727276
3 7 6.800339663461663
3 8 8.473638975589386
3 11 29.93509153496769
3 28 17.89720217860949
4 5 3.6309999758240004
4 14 27.969249023361595
4 15 13.490771137371306
4 17 14.839589137207938
4 23 1.7191281800513196
4 24 11.046533896640124
5 13 4.3774559906769195
5 17 12.324910472907181
5 28 5.0171022650517285
6 15 15.624888647207586
6 16 1.1295457792313193
6 17 22.910150752250193
6 18 82.20699907016757
7 8 8.520413736542984
7 15 4.127910243017504
7 17 0.11864609111121437
7 22 8.955261614274267
8 9 3.050353681582799
8 13 1.3729426775062044
8 18 30.409653088770767
8 21 92.20162414460528
8 28 8.73079934711575
9 11 19.4263773379133
9 13 6.118450071717196
10 17 30.859047640427704
10 28 9.113822761442469
11 22 1.6188583100414144
11 28 21.893742388343583
12 13 29.69165048765889
12 17 39.06078161366876
13 16 4.375369123430912
13 23 12.905175363396992
13 27 6.847004009593303
14 16 20.007104370120203
14 18 4.5363539622527425
15 21 13.731571844609903
15 27 5.449457091005226
16 21 21.860161706167496
18 21 79.74423063504128
18 24 9.837145391894593
20 22 5.681423896162603
20 25 11.739880036907461
21 23 87.13973516756317
21 29 15.553827791348349
23 27 2.156809165626343
24 26 26.626559649691448
25 29 4.24845239136683
27 29 22.966024655031518
