0 3 8.326157748321174
0 6 8.567017859322764
0 10 33.6036489741182
0 14 35.153124906494
0 16 5.101704471687247
0 20 14.60603350148326
0 22 32.508768151494586
0 23 13.9721735034259
0 27 30.205787744413957
1 7 9.203235482920718
1 8 12.405424450647965
1 21 11.353340988783199
1 22 21.267514477867458
2 13 0.30600268839766986
2 14 9.044094243349207
2 15 7.940098308892237
3 5 23.698523383660962
3 6 10.136127909885474
3 10 19.23437959087197
3 16 19.62983571032691
3 20 1.7966812799158511
3 22 16.85447813839721
3 29 9.786801832523816
4 15 15.935452978953945
4 17 0.9849935492285986
4 27 4.120421157058694
5 7 2.7013095188997496
5 10 33.39737755416982
5 12 19.440570617357523
5 14 38.83024449122149
5 22 51.50966157022358
6 8 19.895691942144165
6 23 8.04506467325688
6 27 4.753642712843044
7 8 5.354429232315776
7 10 7.498800720268945
7 11 22.539507354014734
7 13 11.060713093674662
7 14 4.581910609227602
7 22 42.06743734389956
7 24 14.825767563555063
7 27 4.161869863728421
8 17 9.754114091676842
8 19 3.9735939371299698
8 21 49.29488744462478
8 22 12.546208445085545
9 15 4.15268863657927
10 21 16.105950006637144
10 22 1.3287049404413025
10 25 33.277619701632766
11 19 9.786339038785878
11 23 54.22665737696939
11 29 21.398709455092423
13 17 5.364943224925467
13 23 5.8886058792799245
13 27 2.319731774985676
14 21 12.330169117758814
14 23 14.240156263476425
14 25 25.897096563779236
14 26 10.196200309168278
14 27 12.259624399935468
15 16 11.627488746180555
15 23 104.79588372761525
16 17 16.907201682403628
16 26 17.546699470778428
16 29 1.9017162330662956
18 22 39.40727066721797
18 23 129.26744208092785
21 27 3.6829970423802
22 23 39.510476847669075
22 25 0.43984887112584936
22 26 25.107861094648094
23 24 24.445201221820003
23 25 27.07577007609788
23 29 5.8546468361008985
24 25 54.575662768867325
24 28 91.8525369298165
24 29 13.29867010018945
26 27 10.043902972768539
27 28 15.529303172732682
