1 10 0.405260950458712
2 10 9.098177701888316
2 17 34.94086923187171
2 21 8.536831911884821
2 23 14.638947678044456
3 7 5.634322976420074
3 8 60.99006832968068
3 9 3.6504738654012368
3 10 10.267229407424216
3 15 7.145398260051869
3 17 7.215136495491787
3 27 5.953456600367963
3 28 4.927951266977598
4 5 14.89862322047751
4 10 5.547468375397452
4 16 9.449378464521848
4 17 9.289019438495908
5 27 4.956040886921382
6 9 3.9491218659693654
6 20 3.821190380833057
6 21 86.5284469803184
6 22 41.73702986175826
7 10 7.071434316229341
7 14 28.764894357420218
7 15 3.357113243446481
7 16 2.9329595475485344
7 23 12.13359773330367
8 13 11.828699175019759
8 14 21.197689332878735
8 15 23.79329135354381
8 21 29.587904997149174
8 29 1.2530064412239676
9 10 17.187283586131684
9 13 13.805394633311142
9 20 14.263077257750055
10 15 4.0437805224827
10 22 7.525309777216878
10 23 1.5627732516959019
10 28 35.48816999299822
11 28 5.61485995582962
12 13 14.26358206837661
12 22 13.367132795697096
12 25 21.46657081274533
13 14 31.786954027638966
13 16 20.644336943655183
13 22 9.148198395748965
13 24 22.824564022820123
13 27 3.895690040153974
13 28 22.591845684648785
14 21 31.854062815744847
14 22 31.231280707710134
15 23 7.859089729435688
15 24 20.61703820535855
15 26 1.2075415202161812
16 23 5.538982398488051
17 24 6.653383786974152
19 23 16.0547116202571
19 28 2.1553599480474075
21 23 65.00778279882674
22 24 14.931798049160317
22 29 9.44780198716207
23 27 16.763493000210655
23 28 6.296598708127428
23 29 1.678947731382491
24 27 114.0739117490467
25 27 6.730030702520855
26 28 3.564548126748188
27 29 2.25574913054039
