0 2 19.096963298774995
0 4 2.787044598944677
0 7 9.00084834648763
0 10 2.1899281721103234
0 13 3.590329500028824
0 17 4.881661748716543
0 27 46.980594097975604
1 27 13.65907792662009
2 5 62.416779195153524
2 6 43.39289459951793
2 8 26.832126618216176
2 13 75.42129398237309
2 22 13.304071673027
3 5 1.2435710566071856
3 8 37.54268435487026
3 14 43.52141394328256
3 25 27.941234246048754
5 8 8.07207978651692
5 9 66.02976674175628
5 17 0.710272938158157
5 29 9.936176185417668
6 9 5.419065508880988
6 14 2.4176322894737168
6 15 107.71107370354353
6 22 65.55799388370579
6 25 2.7299284862994697
7 13 2.206356509643763
7 14 5.128917246497787
7 18 4.54303547152731
7 21 13.462591075083322
7 22 4.973583495649133
7 24 2.4180831662597546
8 10 74.58956532969236
8 13 5.97965387951881
8 15 1.0652289238947026
8 17 6.237201381648067
8 19 7.894818490417428
8 21 25.251442820942202
8 22 17.896648976634996
8 28 18.27662337588123
10 13 1.5384508443696605
10 16 22.349053045864498
10 20 16.1414938770869
10 22 54.30594510198348
10 23 34.719503052228774
10 24 25.999653363840906
10 28 46.49482606499811
13 16 4.2452863076912895
13 18 10.693393926582266
13 22 46.535493806160055
13 23 2.0550171742617103
13 24 10.0640362184188
13 26 0.5080558957787928
14 21 18.48653099363065
14 24 15.347101168219686
14 25 17.234132188030983
15 22 27.152744388769463
15 25 43.23786833352947
15 28 3.529034480418535
16 21 5.342225388440889
16 24 0.41039146461563647
16 27 2.8379357534348113
17 28 21.099150763815327
19 26 19.71800814481032
20 22 12.359268207070892
20 25 14.86964623447518
21 22 5.1943351553574875
21 28 37.3392026270203
22 24 2.292297173536463
23 25 9.070186351980183
25 28 6.00929399852328
